33447
14463
41951
27555
64949
16337
56871
16823
17431
55185
18821
46734
31214
19881
29134
31533
4791
4169
53727
11107
16728
27226
12768
22146
53462
15729
13674
61985
39004
25442
18859
1779
57139
11919
42464
44890
18795
51053
21692
11977
55594
35834
45844
57070
21692
49944
39565
28252
60167
54834
42386
55710
18716
18339
59216
11908
55443
63485
54927
30514
33115
14399
30741
45651
52987
7918
29668
62772
39732
39602
19341
22084
35487
37462
28222
2183
32205
53367
11327
50486
11896
36030
18080
50775
12069
44443
62456
54755
26644
45171
4083
24354
35080
56059
56240
46498
8285
35780
16448
31975
38765
20894
9807
65449
1710
50662
56511
29614
2892
58712
6130
25123
47335
63932
8947
23032
46670
50415
63141
31942
10360
63466
4202
36049
29931
36452
50353
46790
8625
9704
4568
6535
17880
5680
32755
58431
34736
62466
45488
1359
36567
18555
62687
46481
60615
61576
21869
29006
47175
39859
40729
5422
44097
53895
63526
10197
23054
25600
42196
51933
36807
62165
22574
13766
11702
63353
46422
62839
22489
3659
15571
53611
56024
64288
30300
11928
13344
55418
20593
63043
31785
24827
14130
30165
21896
55857
35461
52094
27860
38878
54209
21347
18782
21403
19561
8504
34531
11699
3298
64590
47607
24025
8917
3743
31970
44378
7872
42141
34441
21591
38252
418
25110
53609
2324
38416
57657
41537
36061
24277
50646
15719
53369
5197
18335
27859
40800
9875
65514
53067
64317
37291
46886
14195
676
62114
27913
17246
44881
14833
29723
35526
63843
1502
25550
21695
8785
25268
5968
56373
21056
5536
39865
48435
32707
817
23446
28558
62628
60146
39206
30461
1268
61384
20876
45243
34732
63433
29245
27608
54573
14198
13683
36800
63094
33484
59979
19568
62489
44022
8205
48482
62541
6754
29198
41944
59278
20325
12461
17223
43659
38423
5338
23258
48417
7309
39956
54885
26925
2952
48036
51005
37684
24894
16553
28415
35440
49770
30813
4919
20574
44108
65075
9636
47346
24929
48423
16827
59235
8992
5160
4312
28470
17325
31815
21607
24857
60663
14119
58212
54908
9716
12018
8219
59632
17456
58184
22393
8783
7841
43584
11681
17408
43089
44609
1814
9536
9378
31473
39912
28107
40353
410
11883
8866
15754
14795
22947
37139
24952
45672
63778
53330
51782
60358
13419
13954
64680
24908
26567
4814
20484
2618
11176
19960
10150
27307
36539
15658
35059
16593
11741
43704
34378
29796
60521
34218
32497
18426
59171
42451
56151
21354
55469
61203
61533
33794
36839
56715
63001
6422
39840
7662
17814
14897
47934
29570
18131
38163
36408
28760
60387
15999
64609
48883
14537
32298
50031
13848
211
62900
56093
9046
43800
49518
7402
5659
55102
26917
63318
40724
9139
11376
23109
34178
1416
62025
27618
45379
41517
50309
42625
46060
23246
46552
31057
26755
18996
41555
25409
30635
20243
48965
16764
51320
30679
5657
30154
37894
16536
3751
58595
13949
12796
11898
9718
10936
5886
21626
41777
18810
22962
30897
45965
18766
45784
26564
47224
11287
26416
63102
8887
18978
59078
48251
37108
48034
65454
54068
25719
12282
38214
16721
38251
45407
12669
22192
60515
15009
62671
5423
17018
28451
44528
61988
63753
45557
59890
30212
30046
31601
60173
2046
20662
19524
56694
9152
55571
21617
45335
15711
63628
41970
29391
13207
9940
1151
14939
47325
30751
59328
2378
63706
32076
52776
46564
44929
36871
20531
218
14868
27159
22736
45040
1620
58907
60400
20837
25144
24913
610
40267
39888
3648
1031
8682
48883
18265
23985
35071
533
33552
45198
45811
9874
24846
28803
44511
4032
38324
13563
7713
37124
30492
63322
38893
45738
6322
25374
8909
18645
14627
53370
17321
56587
36256
37563
30209
23102
62944
45767
37812
15029
59876
45834
53834
53166
36235
32880
24420
39263
39685
39599
21033
7247
7189
55429
20272
37961
20263
499
30243
52853
14608
1522
46612
8348
10937
33346
38319
17676
54093
3446
39244
3412
32897
36156
24713
44123
40582
26511
8716
26279
54638
36071
33831
63413
49587
59010
50968
61978
62964
17858
32600
59132
62655
25570
38484
42450
9936
8908
11334
26628
33998
5189
10431
4806
1908
19144
36714
52536
50767
51991
62827
14043
37009
15680
2090
25626
21627
2983
60000
4375
46427
15644
5661
61292
7691
32741
27773
40823
37520
64977
33869
27193
42805
20595
8656
41744
49771
57198
61927
16882
6481
58615
13293
42107
24817
34078
24086
59225
45213
50903
2619
14285
34895
47320
37668
12033
55571
48075
54862
27790
37185
24152
2825
31624
54084
45284
44718
43875
12192
44700
11769
5338
2724
47622
24250
121
38818
5245
39338
24869
24258
15601
33915
63187
13421
51739
30305
60746
33103
23101
3985
46599
7411
50754
48373
21486
13058
51720
46739
2328
24652
40949
46943
7042
39333
44333
33432
21109
30464
52663
62339
38110
8673
18228
8879
13890
41706
3430
22094
40258
24480
12395
21377
61822
52150
53399
64334
59364
10250
21194
18797
59817
29213
16600
4958
7255
45182
61324
46543
65013
43099
52818
796
43116
54802
65196
45639
34866
39557
17054
38955
40300
53604
29875
38697
51444
5576
203
19085
20921
33505
24180
33911
44970
43428
29424
9602
51511
13250
19880
12039
36002
29357
42182
8654
6170
8282
17565
21941
16434
23166
45588
28994
3308
24707
10829
7368
59271
40140
65292
31214
28651
52037
54171
28643
56516
44487
10171
1379
3857
17144
55702
29997
7550
12874
13126
30423
40816
28548
51178
3730
53188
38530
56980
45350
13728
19593
43506
24627
43823
62453
49544
46064
47233
6530
40972
21879
32944
25654
43282
56673
14972
10800
61985
10325
63780
37269
49041
11353
38668
52719
1922
186
59350
21405
1128
54520
2878
1200
51083
56371
15219
26942
8893
63447
49511
190
10675
4145
44333
61147
61109
21102
29008
33942
9977
58265
51962
684
44980
19804
18301
1122
53705
61045
57145
9779
58729
58280
16231
4855
5334
10477
34091
20378
25789
31793
64966
2644
31877
54505
28417
19019
32984
62665
321
4095
31190
47103
65395
64034
29656
52431
45341
36315
49408
28052
56865
20714
25094
37687
27336
63539
49429
62273
39729
18980
8571
31313
12383
16924
46442
62450
52203
3388
26534
14788
890
45443
31914
49242
51011
27305
7438
13710
18665
56422
13491
21909
20123
17568
24395
14073
52016
31006
38322
19754
